Runs with BOTH permeability enhancement and nonuniform initial perm
========================================================================================================
observed lambda on 0-8.0 d = 0.1412
112 runs with output; 31 ever reached dc (peak slip >= dc, so they have a front at all)

     run    mu   tau0   phibeta    kpmax     kL  peak slip  peak/dc  lam/obs   days
--------------------------------------------------------------------------------------------------------
   71808  0.37  11.10   1.0e-10 8.25e-15   1e-3   2.77e-01  2773.43     1.38  30.66
  632510  0.37  11.10   2.0e-10    5e-14   1e-3   2.06e-01  2063.01     0.99  30.66
  632512  0.37  11.10   2.0e-10    5e-14   1e-3   2.06e-01  2062.99     0.99  30.66
  632516  0.37  11.10   2.0e-10    5e-14   1e-3   2.03e-01  2031.17     0.95  30.66
  632515  0.37  11.10   6.0e-10    5e-14   1e-3   1.17e-01  1174.26     0.49  30.66
  632524  0.37  11.10   2.0e-10    5e-14   1e-3   1.10e-01  1104.72     0.99   8.00
     921  0.37  11.10   2.2e-10  2.5e-13   1e-3   8.50e-02   850.17     0.71  30.66
     910  0.37  11.10   2.2e-10  2.5e-13   1e-3   8.50e-02   850.17     0.71  30.66
  632509  0.37  11.10   2.2e-10  2.5e-13   1e-3   8.50e-02   849.89     0.97  30.66
  632511  0.37  11.10   2.2e-10  2.5e-13   1e-3   8.50e-02   849.88     0.97  30.66
     909  0.37  11.10   2.2e-10  2.5e-13   1e-3   8.49e-02   849.20     0.97  30.66
     923  0.37  11.10   2.2e-10  2.5e-13   1e-3   8.49e-02   849.19     0.97  30.66
  632514  0.37  11.10   2.2e-10  2.5e-13   1e-3   8.33e-02   833.40     0.93  30.66
  632513  0.37  11.10   6.8e-10  2.5e-13   1e-3   4.86e-02   485.52     0.41  30.66
  632522  0.37  11.10   2.2e-10  2.5e-13   1e-3   4.01e-02   400.54     0.97   8.00
     924  0.37  11.10   2.2e-10  2.5e-13   1e-3   2.79e-02   279.02     0.60  30.66
     925  0.37  11.10   2.2e-10  2.5e-13   1e-3   2.78e-02   278.20     0.89  30.66
     922  0.37  11.10   2.2e-10  2.5e-13   1e-3   1.94e-02   194.34     0.54  30.66
  632497  0.45  13.50   2.2e-10  2.5e-13   1e-3   1.79e-02   179.10     0.47  17.20
  632508  0.50  15.00   1.0e-10  1.1e-12   1e-3   1.61e-02   161.04     0.13  17.20
  632499  0.37  11.10   1.0e-10  2.5e-13   1e-3   1.59e-02   158.70     0.44  17.20
  632526  0.37  11.10   2.2e-10  1.1e-12   1e-3   1.32e-02   132.50     0.96   8.00
  632491  0.52  15.60   1.6e-09  2.5e-13   1e-3   1.32e-02   131.74     0.06  17.20
  632493  0.37  11.10   2.2e-10  2.5e-13   1e-3   1.12e-02   112.40     0.21  17.20
  632498  0.42  12.60   5.0e-10  2.5e-13   1e-3   1.09e-02   109.13     0.04  17.20
  632490  0.45  13.50   1.6e-09  2.5e-13   1e-3   7.99e-03    79.90        -  17.20
  632752  0.46  12.88   5.0e-12    5e-12   1e-4   1.98e-03    19.82     0.42   8.00
  632504  0.50  15.00   1.0e-10  1.1e-12   1e-3   8.83e-04     8.83        -   1.00
  632489  0.37  11.10   1.6e-09  2.5e-13   1e-3   5.55e-04     5.55        -  17.20
  632494  0.37  11.10   1.6e-09  2.5e-13   1e-4   4.53e-04     4.53        -  17.20
  632751  0.46  12.88   5.0e-12    2e-11   1e-4   1.61e-04     1.61        -   8.00
  632585  0.46  12.88   2.0e-11    2e-11   1e-4   9.74e-05     0.97 no front   8.00
  632623  0.42  11.76   1.0e-11    2e-11   1e-4   8.35e-05     0.83 no front   8.00
  632589  0.46  12.88   5.0e-11    2e-11   1e-4   5.93e-05     0.59 no front   8.00
  632573  0.42  11.76   2.0e-11    2e-11   1e-4   4.99e-05     0.50 no front   8.00
   51808  0.40  12.00   1.0e-10 1.746e-13   1e-3   4.54e-05     0.45 no front  30.66
  632619  0.37  10.36   5.0e-12    2e-11   1e-4   4.49e-05     0.45 no front   8.00
  632551  0.37  10.36   1.0e-10  1.1e-12   1e-3   4.38e-05     0.44 no front  17.20
  632548  0.37  10.36   1.0e-10    5e-12   1e-3   3.87e-05     0.39 no front  17.20
  632593  0.46  12.88   1.0e-10    2e-11   1e-4   3.71e-05     0.37 no front   8.00
   61808  0.40  12.00   1.0e-10 1.746e-13   1e-3   3.44e-05     0.34 no front  30.66
  632549  0.37  10.36   1.0e-10    2e-11   1e-3   2.94e-05     0.29 no front  17.20
  632653  0.37  10.36   1.0e-11    2e-11   1e-5   2.11e-05     0.21 no front   8.00
  632577  0.42  11.76   5.0e-11    2e-11   1e-4   2.08e-05     0.21 no front   8.00
  632657  0.37  10.36   1.0e-11    2e-11   1e-5   1.99e-05     0.20 no front   6.43
  632611  0.37  10.36   1.0e-11    2e-11   1e-4   1.91e-05     0.19 no front   8.00
  632675  0.37  10.36   1.0e-11    2e-11   1e-5   1.82e-05     0.18 no front   4.03
  632550  0.37  10.36   1.0e-10    1e-10   1e-3   1.59e-05     0.16 no front  17.20
  632587  0.46  12.88   2.0e-11    1e-10   1e-4   1.59e-05     0.16 no front   8.00
  632656  0.37  10.36   1.0e-10    2e-11   1e-5   1.44e-05     0.14 no front   8.00
  632575  0.42  11.76   2.0e-11    1e-10   1e-4   1.19e-05     0.12 no front   8.00
  632554  0.37  10.36   1.0e-10    2e-11   1e-4   1.18e-05     0.12 no front  17.20
  632753  0.46  12.88   5.0e-12    2e-11   1e-5   1.17e-05     0.12 no front  30.00
  632591  0.46  12.88   5.0e-11    1e-10   1e-4   1.17e-05     0.12 no front   8.00
  632750  0.46  12.88   5.0e-12    2e-11   1e-5   1.07e-05     0.11 no front   8.00
  632711  0.50  13.99   1.5e-11    2e-11   1e-5   1.07e-05     0.11 no front   8.00
  632709  0.50  13.99   2.0e-11    2e-11   1e-5   1.02e-05     0.10 no front   8.00
  632506  0.37  11.10   1.0e-10  1.1e-12   1e-3   9.55e-06     0.10 no front  17.20
  632707  0.50  13.99   3.0e-11    2e-11   1e-5   9.48e-06     0.09 no front   8.00
  632652  0.37  10.36   1.0e-10    2e-11   1e-5   9.29e-06     0.09 no front   8.00
  632581  0.42  11.76   1.0e-10    2e-11   1e-4   9.24e-06     0.09 no front   8.00
  632705  0.46  12.88   1.5e-11    2e-11   1e-5   8.90e-06     0.09 no front   8.00
  632674  0.42  11.76   1.0e-11    2e-11   1e-5   8.69e-06     0.09 no front   8.00
  632595  0.46  12.88   1.0e-10    1e-10   1e-4   8.65e-06     0.09 no front   8.00
  632552  0.37  11.10   1.0e-10    2e-11   1e-3   8.53e-06     0.09 no front  17.20
  632584  0.46  12.88   2.0e-11    2e-11   1e-5   8.26e-06     0.08 no front   8.00
  632703  0.46  12.88   2.0e-11    2e-11   1e-5   8.26e-06     0.08 no front   8.00
  632701  0.46  12.88   3.0e-11    2e-11   1e-5   7.32e-06     0.07 no front   8.00
  632618  0.37  10.36   5.0e-12    2e-11   1e-5   6.94e-06     0.07 no front   8.00
  632572  0.42  11.76   2.0e-11    2e-11   1e-5   6.67e-06     0.07 no front   8.00
  632579  0.42  11.76   5.0e-11    1e-10   1e-4   6.58e-06     0.07 no front   8.00
  632561  0.37  10.36   2.0e-11    2e-11   1e-4   6.52e-06     0.07 no front   8.00
  632588  0.46  12.88   5.0e-11    2e-11   1e-5   6.31e-06     0.06 no front   8.00
  632592  0.46  12.88   1.0e-10    2e-11   1e-5   4.81e-06     0.05 no front   8.00
  632601  0.37  10.36   1.0e-11    2e-11   1e-5   4.15e-06     0.04 no front   8.00
  632610  0.37  10.36   1.0e-11    2e-11   1e-5   4.15e-06     0.04 no front   8.00
  632576  0.42  11.76   5.0e-11    2e-11   1e-5   4.05e-06     0.04 no front   8.00
  632583  0.42  11.76   1.0e-10    1e-10   1e-4   3.75e-06     0.04 no front   8.00
  632673  0.37  10.36   1.0e-11    2e-11   1e-5   3.75e-06     0.04 no front   6.33
  632563  0.37  10.36   2.0e-11    1e-10   1e-4   2.95e-06     0.03 no front   8.00
  632555  0.37  10.36   1.0e-10    2e-11   1e-5   2.83e-06     0.03 no front  17.20
  632660  0.37  10.36   1.0e-10    2e-11   1e-5   2.57e-06     0.03 no front   8.00
  632580  0.42  11.76   1.0e-10    2e-11   1e-5   2.44e-06     0.02 no front   8.00
   41808  0.37  11.10   1.0e-10 1.746e-13   1e-3   2.10e-06     0.02 no front  30.66
  632560  0.37  10.36   2.0e-11    2e-11   1e-5   2.07e-06     0.02 no front   8.00
  632556  0.37  11.10   1.0e-10    2e-11   1e-5   1.69e-06     0.02 no front  17.20
  632603  0.42  11.76   1.0e-11    1e-10   1e-5   1.49e-06     0.01 no front   8.00
  632604  0.37   9.62   1.0e-11    1e-10   1e-5   1.45e-06     0.01 no front   8.00
  632586  0.46  12.88   2.0e-11    1e-10   1e-5   1.24e-06     0.01 no front   8.00
  632574  0.42  11.76   2.0e-11    1e-10   1e-5   1.23e-06     0.01 no front   8.00
  632565  0.37  10.36   5.0e-11    2e-11   1e-4   1.08e-06     0.01 no front   8.00
  632600  0.37  10.36   1.0e-11    1e-10   1e-5   1.06e-06     0.01 no front   8.00
  632602  0.37  10.36   1.0e-11    1e-10   1e-5   1.06e-06     0.01 no front   8.00
  632616  0.37  10.36   1.0e-11    1e-10   1e-5   1.06e-06     0.01 no front   8.00
  632590  0.46  12.88   5.0e-11    1e-10   1e-5   1.05e-06     0.01 no front   8.00
  632594  0.46  12.88   1.0e-10    1e-10   1e-5   9.05e-07     0.01 no front   8.00
  632578  0.42  11.76   5.0e-11    1e-10   1e-5   8.71e-07     0.01 no front   8.00
  632567  0.37  10.36   5.0e-11    1e-10   1e-4   7.69e-07     0.01 no front   8.00
  632558  0.37  10.36   1.0e-10    1e-10   1e-5   6.88e-07     0.01 no front  17.20
  632562  0.37  10.36   2.0e-11    1e-10   1e-5   6.59e-07     0.01 no front   8.00
  632582  0.42  11.76   1.0e-10    1e-10   1e-5   6.19e-07     0.01 no front   8.00
  632564  0.37  10.36   5.0e-11    2e-11   1e-5   6.15e-07     0.01 no front   8.00
  632502  0.37  11.10   1.0e-10  1.1e-12   1e-3   4.24e-07     0.00 no front   1.00
  632566  0.37  10.36   5.0e-11    1e-10   1e-5   2.81e-07     0.00 no front   8.00
  632681  0.37   9.62   1.0e-10    2e-11   1e-5   2.58e-07     0.00 no front   1.57
  632569  0.37  10.36   1.0e-10    2e-11   1e-4   2.56e-07     0.00 no front   8.00
  632571  0.37  10.36   1.0e-10    1e-10   1e-4   2.27e-07     0.00 no front   8.00
  632568  0.37  10.36   1.0e-10    2e-11   1e-5   2.06e-07     0.00 no front   8.00
  632672  0.37  10.36   1.0e-10    2e-11   1e-5   1.91e-07     0.00 no front   8.00
  632570  0.37  10.36   1.0e-10    1e-10   1e-5   1.28e-07     0.00 no front   8.00
  632605  0.37  10.36   1.0e-11    1e-10   1e-6   1.21e-07     0.00 no front   8.00
  632557  0.30   8.40   1.0e-10    2e-11   1e-5   2.48e-08     0.00 no front  17.20

EXCLUDED -- permev T but kpmax and/or kpmin unset, so permeability decays with no floor (k reached 1.1e-16 in 632537):
  632533, 632535, 632537, 85, 86, 8641, 8642, 8643, 8644, 914, 916, 917, 929, 930, 931, 95, 96
